279
282
286
284
289
290
288
290
289
290
289
288
286
283
285
285
286
285
275
273
282
285
305
356
436
480
461
382
301
255
226
232
227
234
237
246
241
238
255
269
268
260
260
252
249
248
255
246
240
243
251
262
260
253
258
257
260
264
261
250
251
258
257
250
262
271
266
283
281
279
287
288
297
295
311
317
310
304
312
305
304
297
277
264
248
247
243
243
234
225
229
222
223
210
220
227
228
221
221
212
220
237
233
239
237
232
239
234
239
253
258
254
252
257
250
257
260
248
247
276
286
276
284
281
280
281
287
286
281
277
285
300
296
298
296
293
293
294
301
304
311
305
305
289
296
312
310
307
314
320
321
311
302
305
306
304
305
304
301
299
315
316
311
314
311
306
298
312
322
325
320
327
333
327
352
347
335
326
318
314
308
296
304
317
302
307
301
293
309
322
317
309
299
287
295
304
306
304
304
314
335
384
437
480
472
428
345
257
224
221
231
239
237
235
254
269
269
266
264
264
255
254
260
268
274
269
275
279
279
271
285
288
283
291
290
292
283
287
297
308
308
296
294
291
297
308
317
310
310
315
315
315
322
334
332
333
335
330
324
316
316
300
281
265
265
265
252
250
242
238
236
241
240
231
239
243
241
243
255
250
239
240
251
252
245
250
248
253
248
251
264
254
257
259
264
265
264
257
257
258
258
265
260
257
264
272
265
258
261
270
282
272
272
270
273
274
273
282
278
281
272
272
278
293
284
278
281
291
285
277
293
291
287
284
279
276
284
294
284
291
295
300
299
292
297
305
305
293
300
300
294
293
283
269
277
291
286
282
281
289
293
291
301
297
306
314
310
293
286
282
276
272
267
266
253
255
257
261
272
272
261
257
273
289
291
286
284
279
271
293
321
361
411
475
498
464
388
292
248
250
262
280
289
292
293
303
291
299
308
298
303
309
311
305
314
301
301
305
301
306
309
319
319
314
305
308
318
317
316
319
314
317
325
328
331
334
331
336
335
350
354
361
363
364
368
368
366
364
361
355
338
340
341
330
317
299
292
296
281
281
295
290
283
274
276
269
278
282
278
279
272
280
280
273
281
297
291
283
280
279
280
265
283
293
289
286
284
289
283
269
261
294
296
296
286
281
282
276
283
289
289
296
302
297
295
289
279
299
313
306
303
308
306
305
302
281
286
309
319
314
305
303
303
308
296
290
300
313
312
309
313
311
308
299
289
289
312
317
309
309
299
300
301
304
297
302
315
308
303
299
296
284
308
322
315
318
317
331
329
321
317
324
322
311
312
306
301
283
278
308
315
305
303
303
304
300
286
296
322
318
315
311
297
295
313
338
388
454
494
482
426
337
257
230
247
258
273
287
293
291
291
288
291
289
289
290
279
295
294
287
280
291
287
290
286
283
296
290
293
293
296
297
292
295
296
302
299
304
301
303
310
318
320
323
334
347
343
339
342
345
348
355
341
335
332
330
313
293
284
287
281
269
271
264
259
257
253
254
259
259
252
252
246
248
263
269
265
266
264
260
263
258
255
277
287
283
270
273
274
277
275
272
280
268
269
280
280
268
275
273
271
274
280
274
279
288
285
285
278
278
281
277
274
280
287
288
285
276
269
269
266
280
275
282
281
278
281
277
284
272
267
280
276
265
269
265
260
262
263
272
257
262
267
266
272
272
278
277
288
293
291
300
305
303
288
289
279
277
276
260
271
269
267
264
267
256
275
272
267
280
276
273
269
274
277
269
262
265
289
326
379
440
472
440
357
284
234
233
236
243
258
265
269
280
282
281
295
296
298
291
293
295
293
300
302
304
303
302
290
297
302
295
301
294
292
298
308
305
304
307
302
307
312
321
321
323
331
326
330
336
350
349
349
346
349
353
339
339
335
318
296
283
282
284
273
264
254
240
261
265
251
242
244
243
244
250
244
241
243
250
250
249
249
241
252
260
260
249
246
255
245
232
245
258
254
246
241
245
240
246
254
245
256
238
235
237
243
245
253
249
251
249
246
252
256
260
255
252
250
255
267
261
249
255
266
267
267
275
275
274
267
262
270
277
283
277
271
261
266
274
282
287
276
281
283
288
283
299
313
318
321
311
307
310
312
303
294
281
273
284
295
280
272
288
277
269
265
269
275
273
271
265
271
269
266
270
290
325
376
448
471
448
374
275
216
207
217
228
234
238
250
257
263
272
267
261
256
266
272
269
270
267
273
272
265
269
275
275
283
285
286
294
292
292
294
299
303
307
316
316
318
320
316
318
330
336
342
338
337
338
331
344
347
345
334
324
329
320
302
281
279
269
263
261
254
243
248
258
256
254
248
253
254
263
261
254
261
259
257
270
267
269
272
270
270
279
268
272
276
281
280
273
278
274
273
273
267
275
281
273
260
256
266
275
268
265
265
264
273
280
283
284
282
279
284
287
276
278
288
289
286
292
285
277
284
282
289
292
299
291
291
288
286
293
292
290
289
304
305
305
304
300
300
301
306
305
307
298
294
296
303
310
303
309
311
312
332
341
334
326
335
330
323
315
308
305
300
300
300
302
301
296
302
309
311
303
303
298
305
304
304
300
294
283
288
324
367
419
472
497
458
369
284
242
238
241
266
270
274
288
292
295
301
308
304
308
307
310
316
310
306
306
314
311
307
313
312
309
310
299
301
310
313
312
314
325
327
311
319
337
339
330
335
345
344
357
350
347
342
359
375
375
369
363
353
327
330
326
308
300
289
286
275
270
270
275
271
266
276
275
269
267
260
258
267
259
263
269
267
265
257
266
271
272
264
261
268
269
274
264
263
262
258
266
263
259
257
267
266
258
259
268
259
255
252
256
255
247
253
254
257
256
247
254
259
262
255
253
249
259
260
260
260
267
268
262
270
275
274
276
271
278
276
272
283
292
282
277
277
283
292
283
284
284
292
285
286
295
292
296
294
293
299
306
306
312
329
337
346
351
352
353
361
357
345
340
330
318
314
329
336
327
317
314
319
323
324
320
326
321
319
321
319
324
320
313
308
331
366
419
493
514
489
408
322
266
246
251
272
295
304
305
305
314
314
312
315
318
318
325
339
333
320
316
321
331
332
341
338
338
345
343
332
335
349
344
333
325
336
343
342
346
347
353
347
354
358
356
356
363
369
361
369
369
375
361
361
356
345
340
323
313
304
299
295
292
280
275
287
289
282
264
275
283
281
276
281
282
275
278
281
281
278
289
294
295
291
295
304
303
302
305
304
303
296
300
302
310
307
307
307
316
315
315
317
304
306
306
310
313
312
310
323
320
309
322
320
317
322
320
323
325
319
313
322
320
313
313
309
317
319
321
328
322
319
320
323
320
314
328
330
328
327
329
326
327
333
334
341
351
360
350
355
359
351
344
341
329
323
315
318
318
316
317
321
319
317
328
335
327
319
316
332
326
320
317
316
318
347
402
464
518
509
441
348
287
272
267
274
288
305
306
309
311
322
327
319
328
326
329
333
341
333
334
334
330
340
340
335
332
336
328
327
331
328
336
332
327
328
342
335
331
337
341
348
351
360
361
363
365
366
375
375
375
367
361
361
355
338
326
320
313
313
296
298
289
282
284
285
288
280
278
276
279
273
274
282
295
296
282
294
289
281
280
292
299
291
288
295
303
292
283
301
311
308
301
314
312
306
310
306
306
310
304
291
297
293
298
303
304
304
294
298
291
290
289
300
312
301
295
292
298
294
296
287
291
298
300
297
286
288
284
292
300
292
297
303
300
292
294
298
299
296
307
322
321
326
327
334
332
332
331
330
332
319
311
311
308
296
304
313
316
323
317
312
311
320
320
323
326
323
327
324
320
317
334
370
411
482
534
524
450
363
288
264
274
289
308
312
314
323
334
337
343
339
333
341
339
343
339
351
351
349
353
348
343
338
345
345
339
338
338
344
342
339
348
364
365
361
354
366
371
377
381
378
381
387
386
396
399
401
398
400
388
387
375
368
363
345
331
327
317
307
303
297
297
308
299
288
290
292
289
288
290
296
290
289
294
286
287
289
289
294
299
299
298
292
298
305
302
298
300
299
298
294
296
283
283
291
295
287
283
284
277
284
282
279
275
278
284
275
274
283
292
284
277
275
283
295
284
278
272
272
271
281
276
270
266
260
261
260
271
271
268
265
258
265
266
271
266
264
262
259
255
253
262
260
260
253
259
264
272
278
285
284
283
284
279
266
251
257
253
238
240
239
248
241
239
234
246
250
249
249
245
242
241
247
248
239
248
260
293
344
406
461
449
388
291
220
205
226
227
241
240
242
256
256
247
252
266
259
253
253
248
251
251
268
270
269
262
262
255
247
263
285
277
262
270
276
273
272
276
284
284
287
284
290
303
304
311
319
322
326
338
331
335
342
340
329
325
328
322
308
294
287
284
273
267
262
257
258
266
253
246
245
249
261
259
262
262
273
266
267
266
263
269
273
277
278
285
282
286
287
284
290
296
302
306
297
293
297
298
293
292
294
302
301
304
303
302
300
291
306
307
302
297
293
292
291
295
284
298
298
294
293
298
297
290
289
288
298
300
305
301
303
305
295
296
298
308
301
288
285
293
293
287
291
294
292
291
299
299
301
304
293
293
290
300
309
315
310
317
321
320
328
326
326
317
318
309
300
300
298
303
300
300
303
305
315
321
315
303
308
330
334
323
321
334
337
340
351
394
456
514
543
511
414
326
289
282
295
308
325
335
336
336
334
339
342
342
335
338
346
350
350
347
349
358
356
355
350
354
351
350
347
354
355
352
349
360
369
362
354
365
383
379
380
383
380
393
396
408
396
398
395
388
403
403
392
383
379
367
354
340
336
329
330
325
317
310
308
315
307
305
310
314
303
307
319
308
315
323
323
320
316
333
343
331
330
332
336
345
350
336
336
339
338
351
349
341
342
345
339
334
337
348
342
336
333
332
344
342
333
340
343
338
336
355
351
346
345
343
344
348
348
339
337
345
350
342
339
336
332
333
325
320
321
325
317
327
335
337
330
327
330
327
320
323
327
326
325
328
342
342
329
331
334
325
320
308
304
291
291
283
280
279
276
275
278
282
272
277
273
271
269
275
277
274
273
265
273
304
357
422
470
453
383
301
238
228
223
228
243
254
259
254
266
279
278
265
276
275
274
277
271
277
275
272
265
270
274
268
278
271
265
269
277
275
266
273
281
271
269
281
290
292
294
295
305
312
317
315
322
324
331
336
337
332
326
320
317
307
302
290
273
263
260
257
254
249
254
248
245
248
234
242
247
247
240
236
245
244
246
243
254
259
255
245
248
243
251
260
245
240
241
242
242
252
246
239
242
241
248
251
245
244
260
264
256
266
254
249
257
262
256
260
265
256
251
247
250
259
256
248
252
262
257
253
255
263
264
262
260
261
267
264
272
266
269
275
274
271
265
263
279
288
286
289
290
301
304
306
311
311
305
303
301
290
277
268
270
271
263
263
254
249
253
253
258
251
259
255
252
254
255
256
259
256
267
289
324
386
459
464
426
340
261
216
217
220
232
250
271
278
279
282
282
284
286
277
273
275
279
278
275
276
269
278
284
280
274
283
276
276
273
280
280
278
276
283
285
283
282
275
289
289
290
289
289
296
298
310
300
293
294
295
285
282
281
265
246
235
239
230
214
207
210
211
194
195
187
190
186
187
190
193
200
197
199
200
202
212
221
236
224
217
226
232
217
221
227
230
241
234
236
241
255
253
241
239
245
250
239
246
257
252
250
254
248
250
258
258
267
270
272
271
272
281
280
280
280
282
278
281
282
275
285
283
287
284
289
281
282
292
286
279
282
286
280
285
299
292
287
284
297
293
299
294
298
300
292
294
302
301
295
310
311
306
308
309
298
289
286
275
273
247
257
267
254
252
256
255
256
264
264
261
258
257
259
258
252
249
258
248
249
282
334
407
451
434
355
274
209
181
178
205
218
199
221
230
226
221
217
231
237
230
215
221
224
225
223
228
227
222
227
231
230
233
239
233
220
223
219
221
219
221
218
218
209
209
218
229
228
224
233
226
229
255
247
242
231
237
232
230
225
213
200
195
193
188
188
186
180
180
169
165
167
166
161
170
169
171
172
174
170
171
172
166
172
180
171
164
174
181
164
153
146
150
148
153
146
138
146
141
143
145
131
123
121
135
132
126
125
123
125
124
125
126
122
122
130
126
124
119
118
130
128
128
126
135
141
146
135
130
140
142
139
139
146
143
137
147
154
143
143
154
151
154
151
151
152
158
159
161
178
179
193
202
213
231
241
253
276
293
293
302
306
306
313
321
340
336
339
348
362
354
370
400
415
421
417
428
436
445
463
478
496
505
507
515
549
596
661
716
715
715
715
709
643
610
627
647
675
690
697
709
715
713
712
711
714
717
714
718
711
714
713
715
713
713
716
709
704
682
665
648
650
657
650
634
620
613
601
602
596
591
587
571
580
566
565
552
536
533
540
532
508
487
469
461
441
415
393
376
357
331
305
286
268
255
247
229
208
198
200
201
184
176
173
168
158
143
139
134
138
127
123
116
106
103
96
95
87
89
100
106
90
79
81
82
81
69
73
76
74
60
61
63
59
56
52
64
57
55
59
59
63
55
47
39
51
55
52
53
56
51
51
55
61
62
54
56
54
59
67
74
79
73
76
71
77
82
88
83
82
85
89
96
99
100
102
114
116
125
133
143
148
154
147
136
130
110
110
113
120
120
117
116
117
121
119
125
131
126
134
132
130
128
134
121
118
134
157
211
282
327
297
231
150
94
77
75
68
72
79
87
88
101
128
136
121
129
123
126
133
145
146
148
143
145
156
150
157
172
178
176
171
176
183
186
168
181
187
189
185
164
163
162
156
152
153
154
154
160
157
151
164
177
175
172
176
171
167
156
152
140
137
135
125
125
128
134
137
141
143
148
149
156
167
161
173
164
162
167
177
178
183
198
206
207
209
219
224
226
236
255
257
245
243
243
259
260
260
259
261
267
257
259
264
265
273
269
262
262
267
267
271
277
276
278
289
290
288
299
298
304
301
308
324
320
320
316
318
316
315
325
322
319
318
326
319
306
302
311
306
316
327
330
307
296
302
293
284
272
263
249
240
247
251
243
233
245
255
254
252
245
248
261
263
261
261
267
263
270
277
309
366
446
477
461
402
305
251
236
246
267
290
296
298
299
316
324
327
326
327
336
340
343
350
351
353
352
362
369
372
371
378
377
377
375
374
381
387
399
388
391
396
397
404
399
404
416
411
416
411
419
420
429
440
439
438
434
436
426
420
415
409
397
390
392
388
389
382
379
380
396
391
386
379
379
396
405
403
394
396
389
394
398
398
394
389
397
391
390
388
389
396
390
394
392
397
379
373
373
373
378
378
372
368
366
367
378
377
363
368
373
364
348
351
347
347
353
348
350
341
349
349
349
341
334
339
335
336
346
337
336
347
348
351
344
337
346
344
337
330
334
336
325
326
331
346
344
344
349
354
356
354
346
339
332
311
316
315
312
305
302
296
302
309
304
303
299
301
305
297
301
295
294
285
284
292
333
396
465
494
470
384
277
240
235
241
252
267
277
269
269
276
284
279
278
274
281
287
281
287
283
288
288
291
285
274
276
278
276
271
275
276
273
271
271
268
260
263
263
270
263
260
269
275
287
293
285
280
287
300
301
295
285
288
280
280
270
257
239
227
228
218
211
202
198
199
197
201
200
197
186
197
195
198
203
208
202
198
207
206
218
207
210
223
227
219
221
221
228
240
235
240
233
233
238
231
232
236
244
242
231
241
254
252
248
253
252
261
249
250
260
258
258
256
259
250
252
258
260
261
260
263
253
253
253
262
258
250
260
264
260
260
272
274
277
285
301
306
307
307
297
282
280
284
273
261
260
248
244
256
262
247
241
248
248
254
254
256
246
247
250
244
244
255
283
320
394
453
437
372
289
227
204
210
212
228
236
253
256
253
255
252
272
261
251
253
263
261
258
257
256
267
268
275
272
273
266
263
269
267
269
255
265
269
266
271
271
272
279
287
282
285
295
297
305
312
315
315
312
312
319
319
321
307
293
282
273
266
254
251
254
251
247
252
249
242
238
237
248
253
253
255
251
254
243
247
257
264
265
255
261
257
267
264
262
266
270
268
266
262
263
282
278
269
266
266
271
275
279
272
256
258
274
276
266
266
269
270
269
272
280
278
278
279
277
267
274
271
271
264
268
272
279
284
280
293
299
300
298
298
300
297
287
288
280
268
262
259
261
270
272
270
262
264
263
268
256
263
263
259
275
274
263
257
278
321
381
456
475
431
343
260
222
216
226
232
253
261
260
267
277
272
276
279
287
281
279
293
294
296
294
291
289
287
300
302
298
294
298
315
320
317
318
318
311
316
326
335
324
328
337
342
346
346
351
357
366
375
371
363
360
356
339
336
333
322
307
294
280
276
280
270
266
261
269
270
264
265
259
259
256
269
277
266
264
268
266
263
278
277
274
268
277
282
288
266
265
280
281
275
273
270
273
271
277
271
277
283
281
281
284
279
275
285
277
286
281
284
278
277
287
289
296
292
290
287
284
295
296
295
291
291
303
301
297
296
304
301
290
300
302
307
320
312
316
330
332
336
329
334
322
312
306
301
288
285
288
293
295
289
288
289
292
293
286
297
287
292
303
300
286
280
307
333
367
422
496
511
471
385
291
254
253
262
283
304
309
304
306
313
310
306
310
303
301
309
307
312
315
318
308
318
336
333
318
324
333
335
340
335
330
333
338
339
339
350
350
348
357
361
357
366
377
376
381
376
369
377
393
387
368
370
364
356
343
337
327
318
308
295
297
279
279
284
292
282
272
268
280
277
267
274
282
282
271
266
260
263
272
267
270
265
261
261
269
285
286
277
275
276
271
267
270
278
275
279
284
273
268
265
283
280
275
270
264
269
267
272
263
259
265
268
263
261
258
250
256
253
251
249
243
256
257
249
237
245
246
242
243
255
252
243
251
243
245
249
251
258
257
262
273
283
280
278
268
276
265
258
255
239
240
248
240
226
236
243
243
241
237
240
242
244
247
255
252
244
249
240
268
304
343
417
467
461
395
302
227
216
214
224
248
253
251
257
266
277
278
275
272
272
273
280
274
273
274
294
299
289
280
291
297
300
303
293
292
302
303
301
303
304
310
315
311
318
329
334
343
349
359
362
352
351
366
373
374
375
364
364
349
341
329
319
326
314
310
300
301
297
291
290
284
277
282
309
312
302
294
290
293
301
312
313
316
306
304
301
312
306
302
309
311
314
306
310
303
308
315
313
324
321
323
317
315
321
326
320
315
314
316
320
322
318
308
322
330
338
334
333
330
325
327
333
334
338
330
328
323
320
337
343
334
334
344
340
335
320
334
340
347
342
346
355
349
363
380
386
380
378
373
368
360
351
352
349
357
346
338
336
343
348
344
349
349
347
336
340
353
352
358
356
356
353
372
396
446
518
560
525
445
360
299
292
302
319
321
323
339
343
346
345
351
360
362
356
346
356
359
352
351
367
360
359
366
362
364
358
365
365
375
370
372
376
374
377
380
384
390
392
397
390
406
397
405
408
413
423
419
422
418
417
411
395
391
394
375
363
366
352
336
339
352
345
343
340
342
340
343
339
340
344
339
349
346
343
342
341
351
358
359
351
349
359
366
370
362
362
361
353
348
354
360
357
360
356
353
355
357
356
356
358
356
364
349
352
353
353
343
348
355
350
346
344
341
340
351
354
346
347
344
347
350
350
347
340
351
357
357
355
362
363
369
370
376
366
347
348
347
335
319
321
312
304
311
319
319
312
307
306
308
304
310
311
307
309
309
299
305
337
366
426
497
496
460
374
300
252
249
261
270
279
286
294
305
309
299
303
306
304
305
315
317
308
314
317
317
309
312
324
319
327
320
320
319
325
327
333
336
332
344
347
350
337
342
349
361
364
355
355
354
356
361
361
370
369
368
356
348
330
325
323
312
299
291
294
283
284
277
276
271
266
266
270
275
262
273
266
264
279
288
289
281
278
280
299
298
289
282
294
306
299
297
292
303
305
306
309
308
315
313
315
302
304
303
314
311
308
311
299
306
313
306
303
305
310
318
320
309
308
308
313
316
322
322
320
322
316
330
333
329
325
328
334
326
336
330
329
329
333
332
334
350
345
353
362
362
354
357
358
341
336
328
329
315
320
332
323
310
306
320
315
311
320
321
306
302
305
313
314
301
296
300
334
385
455
500
478
428
337
262
236
257
260
267
284
289
295
294
296
290
303
306
298
295
298
311
314
316
315
315
315
317
327
336
339
324
327
331
334
342
346
352
359
370
366
363
364
377
379
397
405
399
400
402
399
405
414
420
417
410
398
386
382
375
367
348
355
342
336
337
332
329
328
329
333
335
329
327
322
332
337
332
335
332
322
327
335
331
332
335
336
340
335
343
341
337
338
339
342
357
358
348
352
348
350
344
354
363
359
354
352
369
363
353
363
374
378
373
366
364
361
363
370
366
366
362
375
378
369
382
380
374
374
374
376
377
378
379
376
375
376
381
384
386
383
385
376
386
385
395
403
404
416
428
430
432
423
422
430
437
428
414
404
413
416
414
412
422
414
405
416
426
429
429
436
432
434
433
431
438
447
470
505
562
629
644
614
525
437
402
406
412
431
441
439
461
471
470
461
470
476
476
478
483
491
485
493
500
507
506
509
517
514
517
526
532
531
535
543
550
543
546
577
581
574
571
578
590
597
599
600
605
612
628
633
635
639
644
650
650
651
644
639
623
614
614
614
609
599
610
616
615
623
625
624
623
638
646
647
643
653
654
661
670
666
679
677
705
703
704
703
708
713
709
717
711
716
710
714
713
715
718
715
719
715
716
716
717
716
715
716
717
717
711
716
713
718
718
715
720
716
719
718
717
714
721
719
717
717
716
718
717
719
713
718
721
716
717
713
720
712
717
720
718
718
717
721
713
717
714
718
716
716
721
717
720
716
720
715
717
719
717
720
712
720
718
718
715
718
719
717
721
718
719
713
718
718
717
719
718
720
712
720
714
718
715
718
720
716
720
716
719
716
718
718
717
720
718
719
715
719
713
717
715
717
721
716
717
715
719
715
717
717
716
720
717
719
711
718
717
716
718
717
719
716
719
712
718
716
716
719
716
719
715
719
711
717
714
714
717
717
714
704
680
665
661
653
646
643
640
637
626
634
627
618
609
607
614
607
597
585
585
583
570
564
561
566
556
550
548
558
546
533
528
519
521
518
508
506
499
487
485
479
467
466
468
463
457
452
450
438
445
440
439
436
422
417
409
409
401
398
390
391
376
378
377
369
372
375
381
376
377
364
366
366
360
356
339
320
301
311
314
299
282
286
291
281
281
261
258
268
278
266
253
242
242
242
233
241
269
320
377
411
383
308
233
160
135
135
144
150
151
162
163
170
163
159
152
154
161
157
150
151
143
134
140
134
129
128
123
128
125
123
121
118
121
119
113
111
108
106
109
98
101
108
104
102
116
124
122
135
130
126
118
117
123
100
106
103
91
76
69
65
52
46
40
45
39
40
34
33
25
28
37
31
22
15
19
20
20
25
34
30
19
10
4
8
10
17
25
27
38
40
42
38
40
36
45
51
50
51
51
53
53
56
49
47
50
55
59
48
51
57
63
60
54
50
53
66
60
63
66
62
57
57
51
46
54
56
57
55
56
54
48
47
51
57
55
58
54
48
47
56
53
47
47
44
46
37
40
40
35
33
36
43
38
42
38
45
50
57
52
50
61
61
67
61
67
67
61
62
60
48
48
44
41
42
39
40
38
35
30
26
33
39
42
43
50
49
42
41
39
40
41
43
40
39
39
56
81
111
194
245
242
202
107
29
8
14
10
14
26
44
54
48
48
49
50
59
72
73
64
59
59
62
62
68
73
74
71
68
75
76
78
77
80
82
85
91
89
92
93
90
81
85
93
98
106
110
105
110
125
126
130
135
134
134
151
161
153
163
155
146
163
166
163
142
137
133
128
132
120
104
96
92
89
86
82
88
87
75
72
83
91
89
91
90
91
93
97
95
94
102
100
102
101
104
112
118
118
120
118
119
122
128
129
139
139
136
131
130
146
141
129
132
150
154
151
152
153
150
144
151
158
163
156
154
151
157
163
158
155
155
160
163
160
150
145
158
165
166
167
169
168
175
186
181
167
171
175
166
168
186
186
172
183
190
198
208
208
215
221
227
239
240
230
215
215
199
187
191
203
199
207
207
196
185
186
207
221
218
212
212
212
213
217
204
207
222
246
281
348
418
426
382
291
210
178
184
193
203
215
217
224
220
224
223
222
225
225
217
211
221
227
236
241
234
221
227
237
241
251
250
246
239
241
243
240
241
248
257
254
256
255
259
264
263
280
288
285
288
292
287
295
302
305
294
286
291
279
274
267
272
260
240
241
250
253
239
245
238
235
247
243
247
251
249
238
239
242
256
253
240
248
256
255
253
251
254
254
256
251
259
266
263
265
266
263
257
268
269
269
269
272
267
268
273
268
277
273
272
271
267
265
272
264
271
276
272
267
257
259
267
262
257
259
261
261
265
259
257
257
263
265
261
257
262
282
274
272
278
280
283
295
305
298
311
311
306
292
286
288
271
263
262
271
269
264
263
267
282
274
264
271
277
277
283
284
280
273
272
276
287
339
403
466
478
418
343
272
240
231
233
228
240
263
277
285
284
278
282
284
285
288
294
290
291
285
287
284
279
274
283
290
297
296
294
291
295
301
299
301
301
297
298
302
301
294
302
316
322
325
330
335
329
339
332
328
326
333
336
323
301
286
297
291
284
273
269
260
253
254
246
247
247
245
248
251
259
256
252
243
255
258
274
270
266
267
263
264
265
266
272
271
266
258
259
260
263
266
262
258
257
263
267
269
260
251
259
266
263
267
256
258
263
260
258
251
253
254
252
252
257
252
249
244
243
247
258
254
246
236
251
253
251
236
244
260
257
252
263
275
276
278
284
271
251
231
232
244
249
239
233
225
230
235
235
234
222
225
228
238
242
236
234
236
233
231
259
294
357
433
435
380
300
242
189
179
186
204
225
223
230
230
235
228
229
227
228
233
244
245
247
248
246
249
239
240
254
263
255
252
255
260
257
261
265
268
270
270
272
272
276
274
279
285
300
295
302
292
301
309
315
307
303
305
300
292
283
283
270
256
256
249
250
239
234
236
242
239
234
233
241
240
230
232
227
239
248
247
230
232
254
249
229
232
242
241
239
235
247
250
244
235
237
248
247
251
245
241
250
253
252
242
246
257
256
253
251
252
241
252
251
251
256
258
263
259
258
250
253
260
260
259
263
267
271
282
269
264
264
272
280
273
272
272
264
272
295
296
297
298
300
311
320
318
289
287
286
281
275
267
258
260
264
262
266
248
241
267
269
263
260
265
259
274
271
257
253
270
307
366
429
471
449
381
280
222
205
213
214
234
232
235
250
257
258
255
261
265
262
264
268
264
254
268
281
274
266
275
272
280
277
283
282
273
278
287
295
291
288
304
308
300
302
325
330
328
337
345
344
346
359
358
366
365
367
374
364
363
352
353
340
327
320
323
309
299
294
296
297
289
284
282
295
290
299
290
297
306
305
310
309
304
309
326
326
311
305
301
310
315
317
310
306
308
301
302
307
315
302
292
291
285
300
303
293
277
279
277
285
283
271
268
265
265
254
256
257
251
259
254
253
259
255
252
247
245
255
258
256
258
255
263
261
265
261
262
272
268
269
279
274
273
281
290
290
292
300
300
289
284
270
266
267
266
259
256
255
244
255
253
245
252
264
266
263
261
257
253
255
268
266
274
286
298
363
440
478
451
378
285
233
235
234
248
253
263
271
281
286
291
294
285
289
277
280
283
286
297
284
284
273
292
288
283
282
282
284
284
287
284
288
284
287
286
292
294
295
297
298
307
301
302
312
315
329
328
336
326
325
315
320
319
305
295
282
275
271
269
254
240
243
235
243
251
253
236
235
235
240
247
243
237
233
240
249
249
250
241
248
262
259
252
248
253
259
251
257
259
267
269
255
264
274
272
268
269
271
272
273
263
272
273
273
279
278
273
265
270
272
277
275
284
274
276
286
283
276
281
293
299
299
289
292
288
291
297
299
299
299
300
306
304
304
304
302
304
319
315
317
314
309
317
328
329
333
339
338
344
346
341
331
329
323
317
307
301
315
312
302
302
303
317
316
308
308
315
314
309
318
306
318
327
324
324
339
395
465
512
492
428
334
276
261
262
268
282
297
300
308
312
314
309
306
311
320
317
319
322
321
329
330
326
320
327
332
334
333
335
337
336
342
352
343
347
351
364
361
352
355
367
370
372
371
375
380
390
390
386
376
374
382
373
359
358
357
343
327
322
317
296
296
303
300
289
286
290
284
283
292
296
282
288
293
301
301
298
305
302
302
301
305
304
312
309
297
296
298
307
308
301
298
305
303
293
287
294
293
287
292
298
297
290
289
289
292
291
290
287
295
293
301
297
299
286
287
291
293
302
304
309
293
293
298
303
302
315
319
318
333
330
330
323
328
321
309
315
307
296
291
296
287
290
291
298
311
307
304
297
307
302
301
308
316
318
307
312
332
367
416
487
520
475
393
309
274
258
263
277
293
292
295
303
310
314
309
314
310
308
316
316
314
304
300
299
301
299
300
306
298
297
293
299
301
299
297
296
303
304
313
303
309
315
311
317
323
331
332
334
340
343
342
339
342
338
329
317
306
299
298
285
273
266
262
262
252
250
254
262
254
254
261
255
258
264
271
252
247
259
269
265
260
267
264
251
258
269
266
269
269
271
272
258
261
258
268
270
271
266
265
270
271
270
274
282
277
269
269
275
276
268
273
271
274
277
278
270
257
266
275
279
282
268
266
266
279
274
262
254
263
280
278
283
277
281
285
291
284
291
311
307
294
288
277
277
272
269
271
262
256
266
269
259
251
272
274
257
258
271
281
280
274
274
280
284
326
381
446
474
435
364
282
225
210
230
251
263
266
268
281
277
276
278
279
284
287
295
290
299
300
292
292
304
304
307
314
309
313
317
309
309
319
327
326
331
328
324
337
348
342
350
345
351
365
369
377
378
373
381
382
383
381
375
364
354
342
339
334
324
312
301
305
301
298
280
287
290
279
277
275
276
273
279
286
283
271
274
268
277
283
275
274
269
277
275
277
288
277
272
269
269
270
276
281
274
264
261
258
256
257
252
257
253
255
250
243
250
243
245
251
252
251
251
253
263
257
233
244
270
264
250
252
258
254
264
261
262
258
259
262
252
258
268
262
260
254
258
277
286
281
291
292
292
291
292
279
278
269
275
262
250
256
251
247
244
252
264
260
258
246
252
251
256
257
251
269
261
259
256
273
289
344
420
460
458
394
298
236
209
218
228
247
259
266
262
264
268
274
273
289
287
282
284
276
268
258
268
282
290
282
282
293
298
301
307
301
286
284
292
303
298
310
328
305
332
350
352
358
352
361
359
383
387
380
388
383
377
375
380
360
352
338
348
346
347
330
313
313
312
310
298
285
305
305
308
319
326
312
311
312
321
335
334
330
342
333
319
303
321
352
339
324
319
339
339
333
333
317
309
314
333
344
320
327
316
315
313
317
323
320
305
310
341
358
345
326
329
334
325
331
352
349
331
313
325
330
351
345
341
351
338
343
350
346
354
355
353
350
359
370
359
356
378
376
379
378
398
410
417
388
381
370
374
365
329
324
356
363
336
357
368
365
349
348
368
345
356
382
364
312
319
356
364
367
401
475
520
521
486
390
303
272
278
281
301
307
309
321
330
355
350
336
329
332
348
349
340
333
328
338
365
348
341
358
388
377
329
322
338
346
337
368
388
366
379
371
375
372
408
428
416
399
410
419
425
421
410
422
433
427
415
395
386
371
364
360
356
333
329
326
321
319
318
303
291
311
311
300
307
302
296
289
295
286
300
298
292
304
302
301
286
281
275
280
288
276
288
286
263
263
276
268
269
270
268
273
262
261
253
256
261
252
257
249
255
253
250
245
248
251
245
235
243
248
232
231
231
240
234
242
252
234
246
266
280
264
255
254
257
253
237
224
229
229
228
222
214
208
213
224
224
212
212
215
227
223
227
238
227
215
214
224
259
319
393
435
409
335
264
200
181
193
192
205
206
213
205
211
224
222
218
227
223
221
235
241
240
244
235
227
243
248
239
240
250
250
243
254
261
257
240
259
266
270
269
273
278
279
298
290
291
289
310
323
316
317
314
314
322
313
296
294
278
251
261
256
255
247
241
258
252
245
233
236
239
245
259
252
248
241
243
255
262
253
258
274
265
273
264
268
269
259
264
272
273
285
270
265
279
287
285
285
284
274
271
287
278
280
264
273
278
274
279
283
280
277
289
289
280
277
285
308
300
297
297
307
326
316
316
321
336
336
330
321
315
308
302
295
295
296
280
279
277
285
276
297
286
275
280
276
292
286
292
286
280
280
284
316
360
418
477
508
475
389
304
253
243
256
258
260
288
285
282
295
289
292
292
296
297
298
297
292
305
313
318
299
306
302
308
314
314
305
301
310
311
326
321
317
316
344
345
334
345
343
355
351
376
379
381
371
368
365
370
379
383
362
356
361
343
337
333
326
305
300
304
303
314
299
284
308
293
292
296
292
298
300
290
293
296
301
301
303
319
308
300
299
310
326
312
310
303
313
306
296
321
317
323
306
299
303
314
312
313
298
294
303
291
284
307
298
293
300
310
281
310
289
280
285
291
286
283
291
294
293
291
300
305
298
299
297
305
310
312
313
334
340
341
355
333
321
315
309
309
296
294
294
298
301
290
296
299
300
300
301
302
304
297
302
295
299
304
303
313
369
446
525
525
447
352
289
255
250
257
282
290
284
276
272
289
294
286
284
281
294
297
285
280
286
294
305
310
299
299
302
300
296
303
305
301
308
318
303
311
317
321
320
329
326
329
340
342
356
368
360
361
385
382
373
364
359
347
344
342
331
318
314
317
298
286
296
297
298
277
282
294
282
284
281
282
297
311
293
308
307
306
306
296
324
301
302
301
307
312
304
314
310
323
313
315
308
307
316
316
315
308
304
318
321
309
311
306
311
313
289
305
309
305
312
305
301
304
320
291
287
290
307
307
304
298
290
308
315
292
288
303
305
303
298
293
304
295
302
299
298
300
292
306
291
291
293
288
302
296
285
287
291
297
306
312
308
315
319
319
323
321
304
299
298
290
276
274
279
280
301
278
276
265
282
281
277
263
271
283
281
287
276
268
268
279
306
352
425
485
477
421
328
245
219
232
238
254
246
247
256
275
276
273
263
267
280
285
290
278
279
281
278
294
286
276
280
287
291
283
287
283
274
285
290
287
284
303
301
299
297
315
313
311
305
311
323
335
328
316
330
319
330
330
307
308
292
308
289
276
264
255
245
251
250
252
251
241
252
253
251
248
257
251
246
256
248
246
253
252
257
274
243
245
257
261
260
263
254
247
281
263
277
268
262
261
258
265
267
283
265
262
268
261
267
251
248
254
262
259
262
263
266
262
246
259
260
264
260
263
255
262
264
256
257
257
267
270
264
266
262
273
284
265
247
263
275
262
269
271
275
269
271
271
295
265
244
266
289
268
259
259
272
286
317
279
274
285
299
303
313
293
271
269
276
266
265
266
257
275
265
262
274
275
266
266
264
273
271
274
270
267
269
264
278
318
366
433
471
453
377
277
225
220
225
234
253
263
245
249
262
278
264
262
266
270
289
269
271
283
295
273
267
281
292
289
276
291
294
294
304
300
290
294
311
307
302
295
301
306
319
317
303
340
347
327
329
328
348
343
336
335
337
332
327
317
315
297
280
292
283
272
262
258
262
275
264
262
265
273
286
257
253
253
258
268
250
250
255
266
268
266
274
272
263
257
264
261
268
271
270
275
265
268
268
264
281
295
291
270
272
272
277
284
290
294
295
285
297
290
297
307
291
303
292
304
304
293
299
312
304
294
298
290
294
315
306
296
312
317
305
312
309
312
300
315
301
302
307
311
318
335
326
330
331
348
358
345
347
350
358
359
339
324
328
331
314
319
337
315
314
316
321
314
318
330
331
332
328
327
332
314
306
348
358
395
483
529
519
445
365
299
264
285
286
303
292
304
340
322
314
312
318
330
340
334
332
333
329
338
343
335
357
350
338
333
345
340
340
340
339
346
342
336
352
349
359
363
365
370
372
363
372
384
380
382
385
383
387
399
387
377
364
349
362
338
319
329
325
322
324
316
308
304
297
292
288
305
303
285
284
281
284
300
310
304
307
305
294
301
294
298
296
304
312
315
318
289
299
318
313
322
320
306
296
310
312
309
301
298
310
287
286
283
293
290
300
308
291
285
285
297
300
288
281
286
287
295
290
296
314
294
291
293
291
286
278
279
296
301
292
294
287
314
315
312
306
314
329
304
302
289
272
268
269
270
272
278
279
275
273
281
274
273
277
285
293
277
267
283
294
322
412
465
478
464
376
297
235
224
227
242
254
251
269
273
289
274
267
270
274
271
279
296
288
287
286
296
291
276
289
296
285
288
299
293
295
294
304
304
314
322
309
329
334
318
320
325
334
337
345
344
345
358
353
353
353
353
332
323
308
306
292
297
291
289
277
276
274
262
271
254
254
262
263
256
259
266
258
254
263
276
276
263
270
274
278
276
280
272
290
292
291
297
287
274
275
286
284
279
282
289
284
280
279
280
271
285
289
276
279
284
280
282
280
281
280
287
283
282
284
280
304
279
287
287
279
280
272
290
285
281
273
287
288
274
288
275
285
275
286
295
298
299
303
308
310
322
317
314
303
307
292
290
282
287
289
282
276
270
284
290
289
280
281
290
289
287
280
286
284
278
294
311
368
443
503
496
439
349
284
253
257
277
278
292
289
305
319
312
312
311
311
318
319
321
336
323
320
337
342
342
331
330
328
320
332
341
329
329
329
335
346
343
346
345
345
352
352
353
366
365
370
361
382
386
394
387
381
388
375
381
366
359
341
341
337
334
323
321
309
310
297
300
315
310
302
306
312
307
297
315
312
305
298
300
308
305
310
317
326
311
319
325
316
300
303
304
302
315
309
300
318
312
295
305
301
280
289
298
282
299
293
281
290
291
286
295
283
294
279
289
284
297
301
286
281
290
289
285
300
294
287
284
281
288
294
295
287
299
303
294
294
295
291
289
297
302
304
307
315
314
333
324
326
338
327
322
324
307
291
277
289
307
282
275
263
263
272
280
278
274
276
290
279
286
284
269
271
277
305
334
395
471
491
469
382
269
209
224
232
255
254
250
263
286
273
265
279
263
275
268
267
283
286
284
283
302
302
303
293
283
294
299
298
303
311
305
309
311
313
316
306
318
318
313
329
333
348
336
337
349
355
366
361
359
370
359
359
354
330
328
310
309
309
305
290
285
286
276
288
301
296
284
281
279
289
301
294
289
298
301
307
304
306
304
303
316
320
321
342
321
321
336
326
336
333
324
331
335
341
333
338
332
347
347
359
348
350
348
357
358
347
344
360
357
352
356
365
362
351
363
369
365
375
380
387
384
372
369
366
369
380
380
376
383
378
388
400
372
408
417
411
405
409
405
399
401
392
375
368
367
364
374
366
372
366
348
353
354
359
370
354
344
364
355
371
355
348
352
369
408
467
544
542
480
400
334
278
277
283
291
300
310
317
329
322
322
310
325
325
319
319
327
335
318
312
313
324
323
321
333
341
326
313
320
329
329
343
328
324
334
337
333
336
346
361
355
353
354
370
374
369
380
373
365
383
363
374
359
337
326
328
324
309
299
296
298
280
292
280
283
267
277
269
301
276
274
289
282
277
283
294
300
303
286
291
306
293
300
288
289
326
306
294
290
307
301
296
293
301
299
303
303
302
306
314
303
294
303
316
311
307
312
322
312
317
312
326
330
310
314
321
328
320
306
308
316
316
339
327
309
322
329
330
338
335
341
358
327
313
319
311
299
295
289
299
295
286
289
297
300
298
306
308
309
305
308
302
316
293
293
314
342
418
491
504
452
397
318
260
255
259
270
275
290
294
303
303
289
304
303
303
303
314
309
313
307
300
317
336
317
309
330
321
322
329
334
333
333
352
346
334
340
363
345
354
363
369
376
392
393
394
401
391
413
406
404
401
390
395
393
380
374
360
353
348
349
345
343
320
328
350
328
329
338
340
340
340
325
324
324
334
334
330
325
343
355
339
336
340
338
369
352
336
338
349
349
348
334
342
342
333
353
334
339
339
334
345
341
351
358
347
338
343
338
355
354
345
353
358
365
364
358
351
354
345
347
369
368
369
362
353
364
364
357
360
382
370
361
344
354
369
373
371
368
379
390
398
390
391
391
380
380
362
356
345
346
354
350
344
358
355
347
350
348
351
360
364
357
364
372
354
353
367
398
421
478
559
568
515
417
326
310
330
313
324
330
352
349
352
363
358
350
365
358
352
374
388
361
363
372
370
371
385
381
374
373
384
391
385
391
391
382
383
396
404
395
400
412
411
413
411
414
422
444
440
439
435
434
444
455
448
438
413
400
408
392
390
385
372
377
358
350
353
364
367
360
365
355
344
347
357
360
367
352
360
357
355
360
360
365
367
356
344
355
350
361
354
351
352
357
351
351
357
356
347
351
349
352
353
364
344
348
355
345
365
363
360
349
351
347
356
350
350
353
343
367
362
356
360
360
361
356
356
350
350
358
355
337
341
362
354
351
364
357
346
341
350
364
342
335
346
362
361
349
365
393
388
376
380
380
354
341
356
338
326
328
323
319
323
335
326
312
328
321
314
323
321
317
317
316
308
321
316
329
367
428
511
521
466
384
308
257
266
279
282
279
278
294
299
305
294
301
308
312
303
305
309
316
315
318
314
313
308
321
323
324
315
326
324
320
329
322
330
340
353
335
334
333
339
348
361
357
362
370
366
374
373
381
387
374
393
370
363
364
354
339
333
338
319
308
301
302
294
288
309
326
301
287
301
300
294
298
310
299
301
297
303
318
318
309
297
303
308
310
321
327
304
325
342
327
327
329
341
317
311
316
320
329
323
322
316
320
326
315
330
324
329
317
302
321
328
334
326
319
323
313
310
317
329
324
325
327
321
320
318
332
349
328
333
345
349
350
356
359
360
356
351
345
351
334
317
316
325
325
325
324
346
322
315
321
321
331
330
341
336
331
346
346
339
336
349
384
439
517
537
506
430
350
303
295
291
300
307
319
326
322
326
340
334
331
347
328
322
333
332
341
324
330
333
325
340
341
325
317
325
333
327
325
329
324
324
334
336
344
348
343
327
329
342
352
356
354
364
363
356
354
355
373
342
327
317
321
303
291
290
287
278
272
274
271
275
262
256
248
256
270
260
269
277
259
245
263
270
258
259
280
274
266
274
274
279
291
285
302
280
275
279
290
288
301
281
275
273
276
292
286
292
281
298
297
287
287
293
305
289
294
291
289
303
312
299
296
317
310
310
310
313
306
294
295
318
315
305
310
318
322
315
316
334
329
322
340
362
353
345
347
346
342
336
324
312
311
319
311
314
317
303
311
304
297
304
323
321
312
317
314
307
316
318
328
331
362
408
478
523
496
413
327
272
253
269
273
295
292
294
318
303
309
308
316
326
329
323
321
316
316
337
325
330
330
337
348
331
345
339
332
333
338
357
353
354
343
348
351
349
365
361
368
370
381
377
377
391
393
383
392
398
386
389
380
369
354
347
351
338
335
320
310
308
317
327
319
313
310
302
303
299
308
314
310
307
314
314
313
330
314
306
323
314
307
315
314
317
321
314
308
330
313
318
309
313
322
312
315
316
320
324
325
322
319
317
321
313
309
331
332
329
316
328
321
322
326
327
329
327
319
323
321
324
328
334
329
323
318
325
319
319
332
340
332
331
327
334
333
342
339
341
320
319
325
337
333
342
342
344
350
360
361
363
370
364
350
336
328
329
327
328
335
322
315
318
320
325
308
309
320
318
316
312
319
328
323
322
322
347
373
436
515
527
493
396
308
255
268
278
293
315
308
305
316
340
321
317
322
325
326
334
341
332
324
322
334
354
344
346
339
329
332
339
356
348
335
339
338
355
355
344
353
359
363
359
365
362
382
391
376
387
395
395
388
381
382
381
377
375
356
348
346
322
321
319
324
305
294
302
311
296
295
307
287
285
283
290
302
303
300
284
285
299
289
305
309
306
292
281
280
292
286
282
281
281
283
287
291
292
291
299
294
299
297
312
294
279
285
297
299
292
296
293
286
304
299
296
302
298
294
289
289
283
283
301
304
288
284
279
288
294
295
284
293
289
286
282
303
297
306
315
287
279
287
293
293
297
302
294
293
291
311
310
328
313
330
332
321
314
304
306
312
304
286
266
284
303
308
283
280
284
289
297
293
274
268
288
292
290
277
278
297
287
281
308
367
443
483
465
382
292
230
218
240
234
221
234
234
262
263
261
254
241
257
259
262
272
263
263
260
265
266
273
267
265
257
260
271
269
267
277
290
274
281
280
280
284
295
304
301
294
290
307
308
314
329
332
339
331
324
320
321
322
309
304
291
276
265
272
252
242
242
236
238
227
222
216
227
223
240
235
214
229
229
238
249
241
231
236
237
236
233
231
240
256
246
238
228
239
242
249
263
250
246
